91.0	6.97785038062e+26
94.0	8.13231442181e+26
96.0	8.01620916717e+26
98.0	1.116062171e+27
100.0	1.77557992794e+27
102.0	1.31234960724e+27
104.0	1.85056085884e+27
106.0	2.32251433352e+27
108.0	2.70413732542e+27
110.0	3.13327966976e+27
114.0	1.65028069021e+27
118.0	2.16020548143e+27
121.0	3.48797022493e+27
125.0	3.70645457317e+27
127.0	3.20269041457e+27
128.0	3.11810330364e+27
131.0	3.15558491313e+27
132.0	3.65384853239e+27
134.0	2.9780999288e+27
137.0	3.17992382115e+27
140.0	3.63287167853e+27
143.0	3.99524608453e+27
147.0	3.64986176001e+27
151.0	3.35288299644e+27
155.0	3.3577388629e+27
159.0	3.74096708951e+27
162.0	3.66108038714e+27
166.0	3.93349891445e+27
170.0	3.86142413875e+27
173.0	2.03670964616e+27
177.0	3.06130086032e+27
180.0	3.81720647181e+27
182.0	3.78537860039e+27
186.0	4.21768557751e+27
191.0	3.49263145038e+27
194.0	4.07110710644e+27
198.0	4.11038271381e+27
202.0	3.84138018397e+27
205.0	3.94878850638e+27
210.0	3.94395482895e+27
216.0	4.05834105842e+27
220.0	3.5750730332e+27
223.0	3.85415358028e+27
227.0	4.15224091412e+27
230.0	2.72494520029e+28
234.0	1.7409331015e+28
240.0	8.50598310393e+28
246.0	2.3552129841e+29
252.0	6.56369194612e+29
257.0	7.26893315089e+29
260.0	6.11581130671e+29
264.0	9.83384243699e+29
269.0	1.11103982471e+30
274.0	1.03596920235e+30
279.0	2.62311961015e+29
284.0	9.80913008599e+29
290.0	4.0549829004e+29
296.0	4.48956122465e+29
301.0	3.95735517418e+29
308.0	4.84629183369e+29
318.0	6.38259292176e+29
328.0	1.15728763586e+30
338.0	9.70839530172e+29
348.0	1.17615915908e+30
357.0	4.89621882721e+29
366.0	1.03932517881e+30
375.0	1.15433763597e+30
385.0	1.01766561487e+30
395.0	1.06172976006e+30
405.0	1.35952039326e+30
414.0	1.6778536546e+30
422.0	1.05511945593e+30
430.0	1.34030608227e+30
441.0	1.26543512185e+30
451.0	1.37081548287e+30
460.0	1.34212323084e+30
470.0	1.10919601516e+30
480.0	1.3023873421e+30
490.0	1.35414580015e+30
500.0	1.21364052096e+30
506.0	1.57954440625e+30
512.0	1.18433654991e+30
520.0	8.28787910546e+29
530.0	1.21765388243e+30
540.0	7.19927616593e+29
550.0	1.89827661715e+30
560.0	1.09467262537e+30
570.0	1.06511763533e+30
580.0	1.08165205109e+30
590.0	9.85908774076e+29
600.0	8.53362971418e+29
610.0	7.23177317293e+29
620.0	9.55975117664e+29
630.0	1.13188522619e+30
640.0	9.73056663861e+29
650.0	8.61540210996e+29
658.0	8.85368159962e+29
665.0	8.25407429783e+29
675.0	8.49209980391e+29
685.0	7.50282625809e+29
695.0	8.45389858479e+29
705.0	6.45026200616e+29
716.0	7.3872466957e+29
726.0	7.69167503605e+29
735.0	7.61353918362e+29
745.0	7.59567786197e+29
755.0	7.63749195769e+29
765.0	4.04197654854e+29
775.0	5.3454712375e+29
785.0	5.05695159211e+29
795.0	6.49350354446e+29
805.0	6.69410597885e+29
815.0	6.60200514275e+29
825.0	6.4777141369e+29
835.0	4.74354042791e+29
845.0	6.72458874553e+29
855.0	6.16375678637e+29
865.0	6.81542531637e+29
875.0	6.07223705904e+29
885.0	5.97129183463e+29
895.0	5.86905484738e+29
905.0	5.83343837413e+29
915.0	1.91905865681e+30
925.0	1.55390691775e+30
935.0	1.92372051571e+30
945.0	2.00395353486e+30
955.0	2.32668265912e+30
965.0	2.63397917519e+30
975.0	1.8610060717e+30
985.0	3.93777363145e+30
995.0	2.84976200581e+30
1005.0	2.87877197603e+30
1015.0	2.60050709181e+30
1025.0	1.74349402919e+30
1035.0	2.41512928769e+30
1045.0	2.79543297866e+30
1055.0	2.85642642293e+30
1065.0	2.80922591875e+30
1075.0	2.63638503455e+30
1085.0	2.59622626804e+30
1095.0	2.78094558787e+30
1105.0	2.70325184284e+30
1115.0	2.74685069936e+30
1125.0	2.05402934684e+30
1135.0	2.55247193581e+30
1145.0	2.46720680378e+30
1155.0	2.3536882045e+30
1165.0	2.51512129516e+30
1175.0	2.04278442699e+30
1185.0	2.21478542172e+30
1195.0	1.98001046597e+30
1205.0	1.51353812033e+30
1215.0	1.21175566848e+30
1225.0	1.63088741164e+30
1235.0	1.69139867487e+30
1245.0	2.00174246388e+30
1255.0	2.05126574044e+30
1265.0	1.95682669303e+30
1275.0	1.98972758751e+30
1285.0	2.04449168041e+30
1295.0	1.90174019731e+30
1305.0	1.92368739931e+30
1315.0	2.00222168044e+30
1325.0	1.95027053235e+30
1335.0	1.86631764475e+30
1345.0	1.92925432633e+30
1355.0	1.86649658381e+30
1365.0	1.81830314635e+30
1375.0	1.77370479387e+30
1385.0	1.78139325036e+30
1395.0	1.71371460495e+30
1405.0	1.72242543534e+30
1415.0	1.72644824825e+30
1425.0	1.74147109244e+30
1435.0	1.6759130978e+30
1442.0	1.65767386722e+30
1447.0	1.62451709012e+30
1455.0	1.61888475092e+30
1465.0	1.59315913977e+30
1475.0	1.5571811957e+30
1485.0	1.54906360317e+30
1495.0	1.51511001245e+30
1505.0	1.49772433007e+30
1512.0	1.48952206154e+30
1517.0	1.48267336487e+30
1525.0	1.48774334564e+30
1535.0	1.37547709244e+30
1545.0	1.23449928038e+30
1555.0	1.36263242782e+30
1565.0	1.33260269583e+30
1575.0	1.35236972532e+30
1585.0	1.33946034273e+30
1595.0	1.33022731794e+30
1605.0	1.28761957797e+30
1615.0	1.27411423994e+30
1625.0	1.19825330669e+30
1635.0	1.1907944347e+30
1645.0	1.21273553245e+30
1655.0	1.18280465008e+30
1665.0	1.20869246966e+30
1672.0	1.17089758081e+30
1677.0	1.1805628997e+30
1685.0	1.1801231062e+30
1695.0	1.1569371887e+30
1705.0	1.1380808301e+30
1715.0	1.09930439984e+30
1725.0	1.09782201113e+30
1735.0	1.11026218707e+30
1745.0	1.08868136509e+30
1755.0	1.08694226793e+30
1765.0	1.04960072441e+30
1775.0	1.05826344694e+30
1785.0	1.04375002078e+30
1795.0	1.04097307781e+30
1805.0	1.03281611674e+30
1815.0	1.01771655806e+30
1825.0	1.00449311088e+30
1835.0	9.93465123533e+29
1845.0	9.69137118034e+29
1855.0	9.56669527642e+29
1865.0	9.50091706476e+29
1875.0	9.48665439114e+29
1885.0	9.30614347088e+29
1895.0	9.18138713936e+29
1905.0	9.15183877748e+29
1915.0	9.00818010011e+29
1925.0	8.92355831997e+29
1935.0	8.80245880054e+29
1945.0	8.83649068837e+29
1955.0	8.67185114638e+29
1967.0	8.65921382506e+29
1976.0	8.56273295362e+29
1984.0	8.45745783404e+29
1995.0	8.30673665408e+29
2005.0	8.23285794661e+29
2015.0	8.14963921935e+29
2025.0	8.0634256596e+29
2035.0	8.02949569162e+29
2045.0	7.97815897091e+29
2055.0	7.84039323084e+29
2065.0	7.78941786863e+29
2074.0	7.83471134217e+29
2078.0	7.76253745791e+29
2085.0	7.73286068841e+29
2095.0	7.61484577941e+29
2105.0	7.55165475632e+29
2115.0	7.50617458643e+29
2125.0	7.44424889922e+29
2135.0	7.29869443234e+29
2145.0	7.30473144675e+29
2155.0	7.23398556298e+29
2165.0	7.0738056793e+29
2175.0	7.0349174111e+29
2185.0	6.99113269679e+29
2195.0	7.03485618161e+29
2205.0	6.90821943799e+29
2215.0	6.73942740423e+29
2225.0	6.70690889182e+29
2235.0	6.79752899829e+29
2245.0	6.66850843607e+29
2255.0	6.50769105046e+29
2265.0	6.45299853924e+29
2275.0	6.4800794502e+29
2285.0	6.46489515243e+29
2295.0	6.31597401566e+29
2305.0	6.30101183995e+29
2315.0	6.26204867564e+29
2325.0	5.88129163691e+29
2335.0	6.10831363424e+29
2345.0	5.89059035074e+29
2355.0	6.04889582549e+29
2365.0	5.83590075628e+29
2375.0	5.89810300873e+29
2385.0	5.61018717539e+29
2395.0	5.73905982996e+29
2405.0	5.67221962912e+29
2415.0	5.64670054136e+29
2425.0	5.73793043907e+29
2435.0	5.63650988375e+29
2445.0	5.65062903655e+29
2455.0	5.61475387897e+29
2465.0	5.53547097778e+29
2475.0	5.45043061748e+29
2485.0	5.41030841524e+29
2495.0	5.32659129776e+29
2505.0	5.44846473783e+29
2513.0	5.25016970816e+29
2518.0	5.2070934419e+29
2525.0	5.13199753015e+29
2535.0	5.11180178858e+29
2545.0	5.10180953443e+29
2555.0	5.19617760382e+29
2565.0	5.13671421749e+29
2575.0	5.19099269637e+29
2585.0	5.16118296536e+29
2595.0	5.10145706313e+29
2605.0	5.0135627979e+29
2615.0	4.94165120331e+29
2625.0	4.99599818483e+29
2635.0	5.01500797616e+29
2645.0	5.17601913435e+29
2655.0	5.17261759171e+29
2665.0	5.03371852564e+29
2675.0	5.06880546202e+29
2685.0	5.07735030497e+29
2695.0	4.94796380786e+29
2705.0	4.95031527421e+29
2715.0	4.82367476778e+29
2725.0	4.78522449246e+29
2735.0	4.80159397988e+29
2745.0	4.57584052451e+29
2755.0	4.62835401252e+29
2765.0	4.71787193992e+29
2775.0	4.77101485218e+29
2785.0	4.6739500289e+29
2795.0	4.14310709611e+29
2805.0	4.28079622951e+29
2815.0	4.72002985976e+29
2825.0	4.70649832822e+29
2835.0	4.64975409106e+29
2845.0	4.57795810539e+29
2855.0	4.40683546621e+29
2865.0	4.57207020422e+29
2875.0	4.55727109989e+29
2885.0	4.55756144821e+29
2895.0	4.5502069908e+29
2910.0	4.60748198064e+29
2930.0	4.52391834226e+29
2950.0	4.45470397039e+29
2970.0	4.43320258615e+29
2990.0	4.40943605575e+29
3010.0	4.3668941688e+29
3030.0	4.32291432274e+29
3050.0	4.29030139615e+29
3070.0	4.222386769e+29
3090.0	4.17386360321e+29
3110.0	4.12841891151e+29
3130.0	4.07572306359e+29
3150.0	4.03135118937e+29
3170.0	4.0174745238e+29
3190.0	3.90623398774e+29
3210.0	3.90398242163e+29
3230.0	3.84259819441e+29
3250.0	3.88610435748e+29
3270.0	3.91441463945e+29
3290.0	3.88156745524e+29
3310.0	3.84876809539e+29
3330.0	3.79385344447e+29
3350.0	3.7419134602e+29
3370.0	3.62793284993e+29
3390.0	3.65335846441e+29
3410.0	3.63871295164e+29
3430.0	3.65288163038e+29
3450.0	3.61585915065e+29
3470.0	3.60443171e+29
3490.0	3.58713975131e+29
3510.0	3.60189037834e+29
3530.0	3.55117748427e+29
3550.0	3.59686683056e+29
3570.0	3.48640127347e+29
3590.0	3.44181546947e+29
3610.0	3.46327245164e+29
3630.0	3.46133323433e+29
3640.0	3.45842051537e+29
3650.0	3.57404255433e+29
3670.0	3.48877405373e+29
3690.0	3.41758462271e+29
3710.0	3.72463978551e+29
3730.0	3.68670798624e+29
3750.0	4.17222969847e+29
3770.0	4.30230757491e+29
3790.0	4.68533605347e+29
3810.0	5.07465078616e+29
3830.0	4.34830876485e+29
3850.0	5.27564449147e+29
3870.0	5.50859518157e+29
3890.0	4.15745504317e+29
3910.0	5.48559862731e+29
3930.0	5.20460986758e+29
3950.0	5.42861668546e+29
3970.0	3.8523534114e+29
3990.0	5.38245440004e+29
4010.0	5.65824230849e+29
4030.0	5.61336360142e+29
4050.0	5.58000820819e+29
4070.0	5.41276926361e+29
4090.0	4.91026007575e+29
4110.0	4.27465762067e+29
4130.0	5.28793868953e+29
4150.0	5.3605170712e+29
4170.0	5.36356643714e+29
4190.0	5.28706452953e+29
4210.0	5.23657513083e+29
4230.0	5.16534599629e+29
4250.0	5.13134687141e+29
4270.0	5.0608219733e+29
4290.0	4.94419468287e+29
4310.0	4.67710194353e+29
4330.0	4.38474050445e+29
4350.0	4.0224787968e+29
4370.0	4.83258167895e+29
4390.0	4.85126408695e+29
4410.0	4.88345674202e+29
4430.0	4.92942782978e+29
4450.0	4.89112754043e+29
4470.0	4.85427170848e+29
4490.0	4.85624527606e+29
4510.0	4.86205802332e+29
4530.0	4.77613263804e+29
4550.0	4.74780935759e+29
4570.0	4.77234605168e+29
4590.0	4.72549119668e+29
4610.0	4.71287471141e+29
4630.0	4.67613574492e+29
4650.0	4.64782783315e+29
4670.0	4.63146844778e+29
4690.0	4.60175218137e+29
4710.0	4.54430938153e+29
4730.0	4.54113822092e+29
4750.0	4.51665190938e+29
4770.0	4.48188231573e+29
4790.0	4.44148265359e+29
4810.0	4.40363889266e+29
4830.0	4.31597928183e+29
4850.0	3.95814110756e+29
4870.0	3.54160718236e+29
4890.0	4.18473564221e+29
4910.0	4.25059244781e+29
4930.0	4.20352142613e+29
4950.0	4.21048873251e+29
4970.0	4.21788881905e+29
4990.0	4.15218030899e+29
5010.0	4.09414944359e+29
5030.0	4.12376866609e+29
5050.0	4.0774155229e+29
5070.0	4.07988229581e+29
5090.0	4.0379981751e+29
5110.0	4.01289404236e+29
5130.0	3.98118951449e+29
5150.0	3.93420429183e+29
5170.0	3.86515527653e+29
5190.0	3.8726124907e+29
5210.0	3.85593170595e+29
5230.0	3.85916318962e+29
5250.0	3.87636190828e+29
5270.0	3.79364269496e+29
5290.0	3.83150700648e+29
5310.0	3.81876358123e+29
5330.0	3.75628489511e+29
5350.0	3.77275413888e+29
5370.0	3.74222853011e+29
5390.0	3.71896484698e+29
5410.0	3.68277358358e+29
5430.0	3.66949303474e+29
5450.0	3.65576730559e+29
5470.0	3.64895863088e+29
5490.0	3.63493207807e+29
5510.0	3.60799850964e+29
5530.0	3.59963003935e+29
5550.0	3.59123212616e+29
5570.0	3.55497443987e+29
5590.0	3.53830047413e+29
5610.0	3.52268323139e+29
5630.0	3.52087081399e+29
5650.0	3.50999074847e+29
5670.0	3.49043635159e+29
5690.0	3.48748661303e+29
5710.0	3.46091299083e+29
5730.0	3.45910876424e+29
5750.0	3.43674547773e+29
5770.0	3.4225762173e+29
5790.0	3.40532290869e+29
5810.0	3.39529048134e+29
5830.0	3.38401791725e+29
5850.0	3.36074545945e+29
5870.0	3.33879261479e+29
5890.0	3.28511853982e+29
5910.0	3.30794312914e+29
5930.0	3.29698735564e+29
5950.0	3.28594080962e+29
5970.0	3.27333382975e+29
5990.0	3.25915782816e+29
6010.0	3.24174289319e+29
6030.0	3.23067786535e+29
6050.0	3.2253023612e+29
6070.0	3.21252180429e+29
6090.0	3.20003299499e+29
6110.0	3.18388400578e+29
6130.0	3.15162248472e+29
6150.0	3.15194464931e+29
6170.0	3.13045483291e+29
6190.0	3.12322871193e+29
6210.0	3.11051218036e+29
6230.0	3.09022677645e+29
6250.0	3.06929775056e+29
6270.0	3.07709330773e+29
6290.0	3.06654006982e+29
6310.0	3.04805739826e+29
6330.0	3.03947671131e+29
6350.0	3.03126699763e+29
6370.0	3.0192163764e+29
6390.0	3.00784981878e+29
6410.0	2.98679562393e+29
6430.0	2.97703626886e+29
6450.0	2.96867849348e+29
6470.0	2.95482846642e+29
6490.0	2.92330016229e+29
6510.0	2.92155544862e+29
6530.0	2.89656505423e+29
6550.0	2.76612139832e+29
6570.0	2.45400203526e+29
6590.0	2.83178176642e+29
6610.0	2.86722611723e+29
6630.0	2.86451101963e+29
6650.0	2.8512391454e+29
6670.0	2.83483241795e+29
6690.0	2.83392392294e+29
6710.0	2.82245268196e+29
6730.0	2.81443327518e+29
6750.0	2.80237852924e+29
6770.0	2.79435847403e+29
6790.0	2.78227318274e+29
6810.0	2.76941292173e+29
6830.0	2.75968875425e+29
6850.0	2.74817276619e+29
6870.0	2.74448831239e+29
6890.0	2.73681649457e+29
6910.0	2.71508957816e+29
6930.0	2.69312084949e+29
6950.0	2.67517302243e+29
6970.0	2.66698169318e+29
6990.0	2.65769512021e+29
7010.0	2.64745141881e+29
7030.0	2.64379076687e+29
7050.0	2.63316152938e+29
7070.0	2.60864502243e+29
7090.0	2.58349747773e+29
7110.0	2.56704520976e+29
7130.0	2.55338663909e+29
7150.0	2.54642097459e+29
7170.0	2.5426072738e+29
7190.0	2.53282253637e+29
7210.0	2.52769192719e+29
7230.0	2.52099622768e+29
7250.0	2.50877150334e+29
7270.0	2.4968701472e+29
7290.0	2.48497035261e+29
7310.0	2.4807872493e+29
7330.0	2.472958542e+29
7350.0	2.46744495704e+29
7370.0	2.46197999668e+29
7390.0	2.45275056512e+29
7410.0	2.43461306555e+29
7430.0	2.42908706343e+29
7450.0	2.41755956641e+29
7470.0	2.40737468721e+29
7490.0	2.40013011389e+29
7510.0	2.39368500024e+29
7530.0	2.38865276312e+29
7550.0	2.38275180531e+29
7570.0	2.36867368716e+29
7590.0	2.35318287759e+29
7610.0	2.34658531815e+29
7630.0	2.3357852209e+29
7650.0	2.32243359109e+29
7670.0	2.30185022502e+29
7690.0	2.30018524252e+29
7710.0	2.2845952415e+29
7730.0	2.27996802233e+29
7750.0	2.27081851152e+29
7770.0	2.26531542198e+29
7790.0	2.25898496787e+29
7810.0	2.2509499554e+29
7830.0	2.23299177991e+29
7850.0	2.21135114257e+29
7870.0	2.19365324146e+29
7890.0	2.1752237981e+29
7910.0	2.15900599567e+29
7930.0	2.14417766893e+29
7950.0	2.13823408454e+29
7970.0	2.14171665634e+29
7990.0	2.13732550767e+29
8010.0	2.12830152744e+29
8030.0	2.12177230363e+29
8050.0	2.10392024232e+29
8070.0	2.09088565183e+29
8090.0	2.07559329431e+29
8110.0	2.06884632438e+29
8130.0	2.06303041632e+29
8150.0	2.05743845816e+29
8170.0	2.05290529999e+29
8190.0	2.04011911264e+29
8210.0	2.03991071159e+29
8230.0	2.03183230917e+29
8250.0	2.02378249761e+29
8270.0	2.01397264847e+29
8290.0	2.00016968503e+29
8310.0	1.98654706131e+29
8330.0	1.96897723617e+29
8350.0	1.97164624818e+29
8370.0	1.96099189472e+29
8390.0	1.94478557861e+29
8410.0	1.94821548846e+29
8430.0	1.94082733437e+29
8450.0	1.93422973472e+29
8470.0	1.90391845893e+29
8490.0	1.92055764969e+29
8510.0	1.85306863428e+29
8530.0	1.90772087846e+29
8550.0	1.78676106376e+29
8570.0	1.91698065387e+29
8590.0	1.8805401237e+29
8610.0	1.86342223199e+29
8630.0	1.90987239761e+29
8650.0	1.88500368081e+29
8670.0	1.75315995562e+29
8690.0	1.87316746249e+29
8710.0	1.89077168989e+29
8730.0	1.87087837124e+29
8750.0	1.77730212668e+29
8770.0	1.84013403419e+29
8790.0	1.85996622898e+29
8810.0	1.84875031274e+29
8830.0	1.83860465029e+29
8850.0	1.80690736099e+29
8870.0	1.7359592454e+29
8890.0	1.81455552105e+29
8910.0	1.82344867601e+29
8930.0	1.81942611185e+29
8950.0	1.8139950976e+29
8970.0	1.80456298796e+29
8990.0	1.78521414833e+29
9010.0	1.69533886629e+29
9030.0	1.73800449567e+29
9050.0	1.76870412706e+29
9070.0	1.76697327877e+29
9090.0	1.75321749452e+29
9110.0	1.74306567991e+29
9130.0	1.72690362717e+29
9150.0	1.70792331728e+29
9170.0	1.69055224475e+29
9190.0	1.67323687116e+29
9210.0	1.64601797952e+29
9230.0	1.56635364473e+29
9250.0	1.63370949411e+29
9270.0	1.64994576184e+29
9290.0	1.64998121417e+29
9310.0	1.64564075779e+29
9330.0	1.63955293638e+29
9350.0	1.62950897106e+29
9370.0	1.62153308555e+29
9390.0	1.6144908868e+29
9410.0	1.5974886183e+29
9430.0	1.59665132048e+29
9450.0	1.58988899638e+29
9470.0	1.58833094167e+29
9490.0	1.58892466543e+29
9510.0	1.5791007732e+29
9530.0	1.55707560022e+29
9550.0	1.48211845763e+29
9570.0	1.5483170463e+29
9590.0	1.55445132876e+29
9610.0	1.55296340277e+29
9630.0	1.54687757417e+29
9650.0	1.53636179415e+29
9670.0	1.52640004377e+29
9690.0	1.52023669049e+29
9710.0	1.51411326402e+29
9730.0	1.50910784742e+29
9750.0	1.5041340267e+29
9770.0	1.50179053387e+29
9790.0	1.49380095217e+29
9810.0	1.49459129017e+29
9830.0	1.49227220124e+29
9850.0	1.48845585149e+29
9870.0	1.48498419793e+29
9890.0	1.47874077329e+29
9910.0	1.46679657238e+29
9930.0	1.46230103222e+29
9950.0	1.45742284163e+29
9970.0	1.45076365921e+29
9990.0	1.44974871188e+29
10025.0	1.42345724992e+29
10075.0	1.39059412736e+29
10125.0	1.41493606012e+29
10175.0	1.39492615471e+29
10225.0	1.38697156767e+29
10275.0	1.38087331875e+29
10325.0	1.35581749286e+29
10375.0	1.35844868982e+29
10425.0	1.33640499657e+29
10475.0	1.32999871577e+29
10525.0	1.31887224218e+29
10575.0	1.30187178965e+29
10625.0	1.29113729567e+29
10675.0	1.27897571957e+29
10725.0	1.26991136039e+29
10775.0	1.2641019693e+29
10825.0	1.24299108055e+29
10875.0	1.1953616773e+29
10925.0	1.14209634513e+29
10975.0	1.15233482792e+29
11025.0	1.14986594078e+29
11075.0	1.15032505606e+29
11125.0	1.14515210891e+29
11175.0	1.13079872481e+29
11225.0	1.12483334152e+29
11275.0	1.10619897678e+29
11325.0	1.11064034771e+29
11375.0	1.09495450604e+29
11425.0	1.08800157231e+29
11475.0	1.08922151964e+29
11525.0	1.07074033254e+29
11575.0	1.07010007649e+29
11625.0	1.05410458556e+29
11675.0	1.0502839843e+29
11725.0	1.03913197909e+29
11775.0	1.02152933827e+29
11825.0	1.0160127656e+29
11875.0	1.01074354238e+29
11925.0	1.00043832796e+29
11975.0	9.85095883047e+28
12025.0	9.83012072062e+28
12075.0	9.65646218272e+28
12125.0	9.66080976746e+28
12175.0	9.63454614258e+28
12225.0	9.59553755101e+28
12275.0	9.4791735759e+28
12325.0	9.45140038434e+28
12375.0	9.30235741259e+28
12425.0	9.24667543594e+28
12475.0	9.21829404736e+28
12525.0	9.12515576935e+28
12575.0	9.09869090777e+28
12625.0	9.04788344095e+28
12675.0	8.94795652153e+28
12725.0	8.9082706527e+28
12775.0	8.76664080649e+28
12825.0	8.43136753735e+28
12875.0	8.69447852117e+28
12925.0	8.68656142574e+28
12975.0	8.66957535155e+28
13025.0	8.61237293892e+28
13075.0	8.5254767734e+28
13125.0	8.46145325779e+28
13175.0	8.38682326906e+28
13225.0	8.34856816937e+28
13275.0	8.27214594184e+28
13325.0	8.20622681084e+28
13375.0	8.15288905387e+28
13425.0	8.05483112301e+28
13475.0	7.99811498546e+28
13525.0	7.95730376627e+28
13575.0	7.90369796024e+28
13625.0	7.8539665211e+28
13675.0	7.80922728598e+28
13725.0	7.75970390396e+28
13775.0	7.71457414265e+28
13825.0	7.66915588253e+28
13875.0	7.62178490942e+28
13925.0	7.57937403476e+28
13975.0	7.40142950684e+28
14025.0	7.18062168997e+28
14075.0	6.96612128706e+28
14125.0	6.82659878042e+28
14175.0	6.79782092532e+28
14225.0	6.76308317638e+28
14275.0	6.81699610214e+28
14325.0	6.79727667228e+28
14375.0	6.84245349539e+28
14425.0	6.67704343625e+28
14475.0	6.75212705064e+28
14525.0	6.55454763806e+28
14570.0	6.4753490694e+28
14620.0	6.42756141689e+28
14675.0	6.4031847366e+28
14725.0	6.47063646461e+28
14775.0	6.36903942376e+28
14825.0	6.35102540727e+28
14875.0	6.30157196756e+28
14925.0	6.34284587379e+28
14975.0	6.24877896311e+28
15025.0	6.12636766891e+28
15075.0	6.14688052417e+28
15125.0	6.15194288112e+28
15175.0	6.08903845949e+28
15225.0	6.13675433239e+28
15275.0	6.08914153695e+28
15325.0	6.04543027613e+28
15375.0	6.08546005014e+28
15425.0	5.93779243149e+28
15475.0	6.03826123264e+28
15525.0	6.01029850637e+28
15575.0	5.79866804245e+28
15625.0	5.90862562501e+28
15675.0	5.88068027799e+28
15725.0	5.83369475931e+28
15775.0	5.70258160222e+28
15825.0	5.80717533578e+28
15875.0	5.65716611359e+28
15925.0	5.75271544323e+28
15975.0	5.73455277619e+28
16050.0	5.72801280048e+28
16150.0	5.57679152024e+28
16250.0	5.55526784299e+28
16350.0	5.52893400437e+28
16450.0	5.32442528992e+28
16550.0	5.38978274652e+28
16650.0	5.28637729532e+28
16750.0	5.15860893567e+28
16850.0	4.99763524083e+28
16950.0	5.01857080563e+28
17050.0	4.97598049587e+28
17150.0	4.92439101669e+28
17250.0	4.83504783784e+28
17350.0	4.61895300494e+28
17450.0	4.61701710522e+28
17550.0	4.46754845067e+28
17650.0	4.4318009899e+28
17750.0	4.11796820082e+28
17850.0	4.01453058774e+28
17950.0	4.03778443584e+28
18050.0	3.91596266224e+28
18150.0	3.83499148166e+28
18250.0	3.79333447949e+28
18350.0	3.74079182203e+28
18450.0	3.70353173504e+28
18550.0	3.67032066954e+28
18650.0	3.63181812405e+28
18750.0	3.50186051875e+28
18850.0	3.54132301229e+28
18950.0	3.4868900797e+28
19050.0	3.43680618705e+28
19150.0	3.3821695143e+28
19250.0	3.32881102271e+28
19350.0	3.20448004622e+28
19450.0	3.15625803372e+28
19550.0	3.06711609634e+28
19650.0	3.02391248987e+28
19750.0	2.94138490713e+28
19850.0	2.90899054594e+28
19950.0	2.84832791168e+28
20050.0	2.87108571448e+28
20150.0	2.81336612968e+28
20250.0	2.7335621878e+28
20350.0	2.73520040044e+28
20450.0	2.60656127593e+28
20550.0	2.58822047479e+28
20650.0	2.57700509871e+28
20750.0	2.53173672602e+28
20850.0	2.53070605605e+28
20950.0	2.45586200129e+28
21050.0	2.4613784938e+28
21150.0	2.38468830316e+28
21250.0	2.37800594474e+28
21350.0	2.33299198111e+28
21450.0	2.26884302911e+28
21550.0	2.2506029571e+28
21650.0	2.21240110282e+28
21750.0	2.18538177019e+28
21850.0	2.1817076363e+28
21950.0	2.14664162724e+28
22050.0	2.09012893569e+28
22150.0	2.09686037945e+28
22250.0	2.07455019825e+28
22350.0	2.01606727816e+28
22450.0	1.96362826032e+28
22550.0	1.96378915482e+28
22650.0	1.92334420897e+28
22750.0	1.90141176621e+28
22850.0	1.88256011591e+28
22950.0	1.70211618887e+28
23050.0	1.7649588918e+28
23150.0	1.73717928956e+28
23250.0	1.62498161341e+28
23350.0	1.65879856338e+28
23450.0	1.61047529337e+28
23550.0	1.5373108462e+28
23650.0	1.55187640791e+28
23750.0	1.52198963898e+28
23850.0	1.47440510813e+28
23950.0	1.48463499181e+28
24050.0	1.4608019586e+28
24150.0	1.40061133045e+28
24250.0	1.41720145753e+28
24350.0	1.39581865786e+28
24450.0	1.34178479817e+28
24550.0	1.36983793568e+28
24650.0	1.35522458088e+28
24750.0	1.30812082317e+28
24850.0	1.28044804721e+28
24950.0	1.26971378731e+28
25050.0	1.27332544507e+28
25150.0	1.24904588624e+28
25250.0	1.23560856375e+28
25350.0	1.22418038269e+28
25450.0	1.20627102405e+28
25550.0	1.19543677586e+28
25650.0	1.17183469211e+28
25750.0	1.16675823082e+28
25850.0	1.15644331711e+28
25950.0	1.1570421196e+28
26050.0	1.14968541492e+28
26150.0	1.13098938597e+28
26250.0	1.09998686483e+28
26350.0	1.11819184114e+28
26450.0	1.10292757902e+28
26550.0	1.08408663852e+28
26650.0	1.07232177454e+28
26750.0	1.06102968481e+28
26850.0	1.05313973667e+28
26950.0	1.02929185955e+28
27050.0	1.02031522386e+28
27150.0	1.0076084222e+28
27250.0	9.98204542698e+27
27350.0	9.84342358315e+27
27450.0	9.78248309868e+27
27550.0	9.59800390589e+27
27650.0	9.58686155966e+27
27750.0	9.45855966119e+27
27850.0	9.36925724737e+27
27950.0	9.30122151749e+27
28050.0	9.14620989133e+27
28150.0	9.01308998331e+27
28250.0	8.89850091098e+27
28350.0	8.847875291e+27
28450.0	8.77933457076e+27
28550.0	8.69295624107e+27
28650.0	8.56075008192e+27
28750.0	8.43639163739e+27
28850.0	8.4034146947e+27
28950.0	8.27570371301e+27
29050.0	8.15918872439e+27
29150.0	8.09551501627e+27
29250.0	7.93213146002e+27
29350.0	7.76855923543e+27
29450.0	7.59359318369e+27
29550.0	7.48650560105e+27
29650.0	7.32973628375e+27
29750.0	7.21694585613e+27
29850.0	7.08307674739e+27
29950.0	6.97415360406e+27
30050.0	6.91815891902e+27
30150.0	6.82558771331e+27
30250.0	6.72965047076e+27
30350.0	6.60321145698e+27
30450.0	6.53976681946e+27
30550.0	6.52958014362e+27
30650.0	6.45565186081e+27
30750.0	6.36910312078e+27
30850.0	6.28958570169e+27
30950.0	6.22437347439e+27
31050.0	6.17236218836e+27
31150.0	6.07759106257e+27
31250.0	5.98296033661e+27
31350.0	5.90460356383e+27
31450.0	5.87612464383e+27
31550.0	5.8026297588e+27
31650.0	5.76762206299e+27
31750.0	5.70688893893e+27
31850.0	5.64871645005e+27
31950.0	5.5989653165e+27
32100.0	5.54100356367e+27
32300.0	5.4090196851e+27
32500.0	5.32042312798e+27
32700.0	5.23547275365e+27
32900.0	5.10154016948e+27
33100.0	5.03977036239e+27
33300.0	4.96399900675e+27
33500.0	4.89430390871e+27
33700.0	4.83018807717e+27
33900.0	4.72072792151e+27
34100.0	4.62714330935e+27
34300.0	4.57461435214e+27
34500.0	4.47582418926e+27
34700.0	4.39621351227e+27
34900.0	4.30616330496e+27
35100.0	4.22669130353e+27
35300.0	4.18929843069e+27
35500.0	4.12492879828e+27
35700.0	4.00760590494e+27
35900.0	3.90085765919e+27
36100.0	3.86106283303e+27
36300.0	3.79438366493e+27
36500.0	3.71912746064e+27
36700.0	3.63582378953e+27
36900.0	3.5754711028e+27
37100.0	3.47587328609e+27
37300.0	3.40493997918e+27
37500.0	3.34791538809e+27
37700.0	3.27274472475e+27
37900.0	3.21286470169e+27
38100.0	3.12669046255e+27
38300.0	3.05878604666e+27
38500.0	2.98998173468e+27
38700.0	2.91163094598e+27
38900.0	2.84921804086e+27
39100.0	2.78958070442e+27
39300.0	2.74692388467e+27
39500.0	2.70503209601e+27
39700.0	2.65078644261e+27
39900.0	2.59919315494e+27
40100.0	2.55741120997e+27
40300.0	2.50802606088e+27
40500.0	2.45365634428e+27
40700.0	2.40764074267e+27
40900.0	2.3885553887e+27
41100.0	2.34520409583e+27
41300.0	2.30850890323e+27
41500.0	2.26661303324e+27
41700.0	2.22212749768e+27
41900.0	2.19508547242e+27
42100.0	2.16417789975e+27
42300.0	2.13705770584e+27
42500.0	2.10925745157e+27
42700.0	2.07203024527e+27
42900.0	1.99654165295e+27
43100.0	1.90766930727e+27
43300.0	1.91560640895e+27
43500.0	1.83922403126e+27
43700.0	1.78635296181e+27
43900.0	1.77619632831e+27
44100.0	1.69191837925e+27
44300.0	1.6718715891e+27
44500.0	1.6370164361e+27
44700.0	1.5749402368e+27
44900.0	1.56253574112e+27
45100.0	1.49891421991e+27
45300.0	1.46015222407e+27
45500.0	1.45458255962e+27
45700.0	1.43161425224e+27
45900.0	1.39175604958e+27
46100.0	1.37215824373e+27
46300.0	1.35354770362e+27
46500.0	1.33131893062e+27
46700.0	1.30314389495e+27
46900.0	1.294208968e+27
47100.0	1.26668443101e+27
47300.0	1.2455211665e+27
47500.0	1.22253129012e+27
47700.0	1.22699438749e+27
47900.0	1.20580379469e+27
48100.0	1.18527479251e+27
48300.0	1.17414600623e+27
48500.0	1.15296780626e+27
48700.0	1.12260486385e+27
48900.0	1.10477298364e+27
49100.0	1.08857604279e+27
49300.0	1.07215221362e+27
49500.0	1.04911221337e+27
49700.0	1.04003848042e+27
49900.0	1.02724099658e+27
50100.0	1.00408362953e+27
50300.0	9.9101087365e+26
50500.0	9.83187430287e+26
50700.0	9.66864514283e+26
50900.0	9.55978328732e+26
51100.0	9.38968111332e+26
51300.0	9.18823591172e+26
51500.0	9.1748280657e+26
51700.0	9.09906258335e+26
51900.0	8.95648389587e+26
52100.0	8.81048305374e+26
52300.0	8.73511407663e+26
52500.0	8.65806683947e+26
52700.0	8.51180605382e+26
52900.0	8.41142006964e+26
53100.0	8.27663781794e+26
53300.0	8.14943218876e+26
53500.0	7.99805358574e+26
53700.0	7.95194277e+26
53900.0	7.8583290714e+26
54100.0	7.77859761676e+26
54300.0	7.70217023138e+26
54500.0	7.6559253425e+26
54700.0	7.58176854978e+26
54900.0	7.44244854277e+26
55100.0	7.35124387739e+26
55300.0	7.33411908221e+26
55500.0	7.21408058849e+26
55700.0	7.12220227183e+26
55900.0	7.02991560929e+26
56100.0	6.94980421171e+26
56300.0	6.87225504365e+26
56500.0	6.81867922541e+26
56700.0	6.70044932453e+26
56900.0	6.61935274053e+26
57100.0	6.5027756193e+26
57300.0	6.4726610304e+26
57500.0	6.39273724175e+26
57700.0	6.32018716281e+26
57900.0	6.23596156856e+26
58100.0	6.14086717117e+26
58300.0	6.08520159605e+26
58500.0	6.01974396093e+26
58700.0	5.94957165126e+26
58900.0	5.85411143048e+26
59100.0	5.74370233126e+26
59300.0	5.7025162494e+26
59500.0	5.63963222024e+26
59700.0	5.61958930636e+26
59900.0	5.52132211434e+26
60100.0	5.46236853544e+26
60300.0	5.38467413426e+26
60500.0	5.29742797425e+26
60700.0	5.22754265007e+26
60900.0	5.18081418681e+26
61100.0	5.11808762161e+26
61300.0	5.05786022481e+26
61500.0	5.00168735707e+26
61700.0	4.95319448654e+26
61900.0	4.87981893862e+26
62100.0	4.81202578641e+26
62300.0	4.75604397223e+26
62500.0	4.69598608901e+26
62700.0	4.63540627404e+26
62900.0	4.57108834448e+26
63100.0	4.52864095342e+26
63300.0	4.4681833493e+26
63500.0	4.42201311375e+26
63700.0	4.36055775553e+26
63900.0	4.30565766189e+26
64200.0	4.22582740355e+26
64600.0	4.11630433882e+26
65000.0	4.02294748863e+26
65400.0	3.9334139929e+26
65800.0	3.8267301914e+26
66200.0	3.73869969978e+26
66600.0	3.65134971107e+26
67000.0	3.56600839569e+26
67400.0	3.48587724089e+26
67800.0	3.39930276999e+26
68200.0	3.33060653427e+26
68600.0	3.249336703e+26
69000.0	3.17089871018e+26
69400.0	3.09006813873e+26
69800.0	3.02712104252e+26
70200.0	2.96191716065e+26
70600.0	2.90831813411e+26
71000.0	2.84949875521e+26
71400.0	2.79622678981e+26
71800.0	2.74136743323e+26
72200.0	2.68604570393e+26
72600.0	2.62721276933e+26
73000.0	2.57277866558e+26
73400.0	2.51723418954e+26
73800.0	2.4670789094e+26
74200.0	2.41971674989e+26
74600.0	2.35956046887e+26
75000.0	2.31429223382e+26
75400.0	2.27683494612e+26
75800.0	2.22886592865e+26
76200.0	2.1824537886e+26
76600.0	2.14248389544e+26
77000.0	2.09984179284e+26
77400.0	2.05692774407e+26
77800.0	2.02179159433e+26
78200.0	1.97906653337e+26
78600.0	1.9414387821e+26
79000.0	1.9085043359e+26
79400.0	1.87444112363e+26
79800.0	1.83770179828e+26
80200.0	1.80526463966e+26
80600.0	1.77243625001e+26
81000.0	1.74222030496e+26
81400.0	1.71459600182e+26
81800.0	1.68686669655e+26
82200.0	1.65615200582e+26
82600.0	1.62820867836e+26
83000.0	1.60178556496e+26
83400.0	1.57451567219e+26
83800.0	1.54852790924e+26
84200.0	1.52207965841e+26
84600.0	1.4956925212e+26
85000.0	1.47233501265e+26
85400.0	1.44883678529e+26
85800.0	1.42595456888e+26
86200.0	1.40418755862e+26
86600.0	1.38278324641e+26
87000.0	1.35978513892e+26
87400.0	1.34023140315e+26
87800.0	1.31808613288e+26
88200.0	1.29478885764e+26
88600.0	1.27375873435e+26
89000.0	1.2548804443e+26
89400.0	1.23525975537e+26
89800.0	1.21482927183e+26
90200.0	1.19547889784e+26
90600.0	1.1741212428e+26
91000.0	1.15584409324e+26
91400.0	1.13663748127e+26
91800.0	1.11945108165e+26
92200.0	1.10067285785e+26
92600.0	1.08268457655e+26
93000.0	1.0660569233e+26
93400.0	1.04894839796e+26
93800.0	1.03139942613e+26
94200.0	1.01500175046e+26
94600.0	9.97159432225e+25
95000.0	9.78464514829e+25
95400.0	9.63534122583e+25
95800.0	9.50287645996e+25
96200.0	9.35628104515e+25
96600.0	9.19385346183e+25
97000.0	9.06760956912e+25
97400.0	8.92584514741e+25
97800.0	8.76561111403e+25
98200.0	8.63117372707e+25
98600.0	8.49730098502e+25
99000.0	8.36308718154e+25
99400.0	8.21194682598e+25
99800.0	8.08180479692e+25
100000.0	8.00004061604e+25
100900.0	7.74558261253e+25
101900.0	7.44643517647e+25
102800.0	7.20084988904e+25
103800.0	6.93300846171e+25
104700.0	6.69700452606e+25
105700.0	6.45261184154e+25
106700.0	6.20151621735e+25
107600.0	5.96680856447e+25
108600.0	5.72832115827e+25
109600.0	5.51948281912e+25
110700.0	5.2860699389e+25
111700.0	5.07497076463e+25
112700.0	4.88179157377e+25
113800.0	4.67142290935e+25
114800.0	4.50582324235e+25
115900.0	4.31509668655e+25
116900.0	4.15884137409e+25
118000.0	3.99784663886e+25
119100.0	3.83171822055e+25
120200.0	3.68645252001e+25
121300.0	3.54851969387e+25
122500.0	3.4073387798e+25
123600.0	3.28095232043e+25
124700.0	3.15856401327e+25
125900.0	3.0366399441e+25
127100.0	2.92238109425e+25
128200.0	2.81443970876e+25
129400.0	2.71796723475e+25
130600.0	2.61188280398e+25
131800.0	2.5056297116e+25
133000.0	2.41448681358e+25
134300.0	2.31333610163e+25
135500.0	2.21324435643e+25
136800.0	2.11649900713e+25
138000.0	2.03499855047e+25
139300.0	1.94860124991e+25
140600.0	1.89035102025e+25
141900.0	1.82806282915e+25
143200.0	1.77475115965e+25
144500.0	1.72254080415e+25
145900.0	1.6730546557e+25
147200.0	1.62103515094e+25
148600.0	1.56978160515e+25
150000.0	1.52272741465e+25
151400.0	1.46976038024e+25
152800.0	1.42006503585e+25
154200.0	1.37326357979e+25
155600.0	1.32769555396e+25
157000.0	1.28770780297e+25
158500.0	1.24239235025e+25
160000.0	1.19820810356e+25
161400.0	1.1635794222e+25
162900.0	1.12543669805e+25
164400.0	1.08835577963e+25
166000.0	1.04664888029e+25
167500.0	1.01526519701e+25
169000.0	9.820121501e+24
170600.0	9.5027450576e+24
172200.0	9.16580016546e+24
173800.0	8.86234879661e+24
175400.0	8.53401405835e+24
177000.0	8.28158199309e+24
178600.0	8.02001389052e+24
180300.0	7.73026261815e+24
182000.0	7.4702994602e+24
183700.0	7.21719622559e+24
185400.0	6.96304323563e+24
187100.0	6.7349245561e+24
188800.0	6.499117732e+24
190500.0	6.28299237879e+24
192300.0	6.04632284791e+24
194100.0	5.82316678874e+24
195900.0	5.63925457027e+24
197700.0	5.43414938791e+24
199500.0	5.23915738751e+24
201400.0	5.04981152447e+24
203200.0	4.88092389271e+24
205100.0	4.70393174168e+24
207000.0	4.55361855424e+24
208900.0	4.40168502566e+24
210900.0	4.22816220256e+24
212800.0	4.11419023057e+24
214800.0	3.96111622578e+24
216800.0	3.84487862841e+24
218800.0	3.69208086405e+24
220800.0	3.57319433229e+24
222800.0	3.45493611889e+24
224900.0	3.33166867042e+24
227000.0	3.20803625367e+24
229100.0	3.09590974234e+24
231200.0	2.98965068591e+24
233300.0	2.88871449137e+24
235500.0	2.78788105774e+24
237700.0	2.68794011757e+24
239900.0	2.59634083868e+24
242100.0	2.50606945213e+24
244300.0	2.4141325832e+24
246600.0	2.3297913103e+24
248900.0	2.24347680651e+24
251200.0	2.17208406334e+24
253500.0	2.09435435794e+24
255900.0	2.01688611536e+24
258200.0	1.94696664623e+24
260600.0	1.87631052343e+24
263000.0	1.80863767379e+24
265500.0	1.74222142594e+24
267900.0	1.68043591506e+24
270400.0	1.62006129985e+24
272900.0	1.56123224843e+24
275400.0	1.5060850888e+24
278000.0	1.45045040879e+24
280500.0	1.39922856949e+24
283100.0	1.34947910462e+24
285800.0	1.29938401435e+24
288400.0	1.2533490528e+24
291100.0	1.20775514772e+24
293800.0	1.16410885934e+24
296500.0	1.12248755006e+24
299200.0	1.08265699332e+24
302000.0	1.04326358773e+24
304800.0	1.00549175036e+24
307600.0	9.69632366729e+23
310500.0	9.340540019e+23
313300.0	9.01251616667e+23
316200.0	8.68798221207e+23
319200.0	8.36713442221e+23
322100.0	8.06977651734e+23
325100.0	7.77844368264e+23
328100.0	7.4990758772e+23
331100.0	7.23202980895e+23
334200.0	6.96861571317e+23
337300.0	6.71694606531e+23
340400.0	6.47634775797e+23
343600.0	6.23979688361e+23
346700.0	6.02041309905e+23
349900.0	5.80417351382e+23
353200.0	5.5908778322e+23
356500.0	5.38774180968e+23
359700.0	5.19947579995e+23
363100.0	5.00823676684e+23
366400.0	4.83064128145e+23
369800.0	4.65653772611e+23
373300.0	4.48461980314e+23
376700.0	4.32586230489e+23
380200.0	4.16844490963e+23
383700.0	4.01984064873e+23
387300.0	3.87313842645e+23
390800.0	3.73674712136e+23
394500.0	3.59901531878e+23
398100.0	3.47110766236e+23
401800.0	3.34542845229e+23
405500.0	3.2239488118e+23
409300.0	3.10713382713e+23
413000.0	2.99746490523e+23
416900.0	2.88704229196e+23
420700.0	2.784222347e+23
424600.0	2.68350627327e+23
428500.0	2.58724332425e+23
432500.0	2.49297700969e+23
436500.0	2.40297195675e+23
440600.0	2.31488775764e+23
444600.0	2.23279604525e+23
448700.0	2.1522846166e+23
452900.0	2.07368692109e+23
457100.0	1.99862218719e+23
461300.0	1.92698636087e+23
465600.0	1.85687879317e+23
469900.0	1.78994035034e+23
474200.0	1.7259488613e+23
478600.0	1.66342136305e+23
483100.0	1.60238863598e+23
487500.0	1.54538129851e+23
492000.0	1.48968324469e+23
496600.0	1.43531542176e+23
501200.0	1.38341340435e+23
505800.0	1.3338164737e+23
510500.0	1.28546368528e+23
515200.0	1.23923159593e+23
520000.0	1.1941445584e+23
524800.0	1.1511058206e+23
529700.0	1.10914635925e+23
534600.0	1.06907829863e+23
539500.0	1.03080677897e+23
544500.0	9.9333356514e+22
549500.0	9.5788800619e+22
554600.0	9.23169954929e+22
559800.0	8.89372291627e+22
564900.0	8.57730623069e+22
570200.0	8.26335820662e+22
575400.0	7.96881208713e+22
580800.0	7.67678814348e+22
586100.0	7.40315500074e+22
591600.0	7.13195651296e+22
597000.0	6.87764246812e+22
602600.0	6.62597455642e+22
608100.0	6.38915790545e+22
613800.0	6.15499962238e+22
619400.0	5.9356240037e+22
625200.0	5.71809746206e+22
631000.0	5.51068059834e+22
636800.0	5.31257473213e+22
642700.0	5.12008625747e+22
648600.0	4.93639047342e+22
654600.0	4.75771752985e+22
660700.0	4.58435209611e+22
666800.0	4.41889792629e+22
673000.0	4.2585064774e+22
679200.0	4.1047544776e+22
685500.0	3.95586742244e+22
691800.0	3.81369782367e+22
698200.0	3.67570975753e+22
704700.0	3.54151554822e+22
711200.0	3.4141526189e+22
717800.0	3.29026402509e+22
724400.0	3.17192024575e+22
731100.0	3.05718746436e+22
737900.0	2.94600003932e+22
744700.0	2.83982524806e+22
751600.0	2.73694403303e+22
758600.0	2.63726121589e+22
765600.0	2.54207974531e+22
772700.0	2.44989501973e+22
779800.0	2.3618457703e+22
787000.0	2.27658189859e+22
794300.0	2.19397676727e+22
801700.0	2.11404338511e+22
809100.0	2.037682578e+22
816600.0	1.96371711224e+22
824100.0	1.89311316269e+22
831800.0	1.82386127104e+22
839500.0	1.75781814326e+22
847200.0	1.69465776869e+22
855100.0	1.63281708875e+22
863000.0	1.57375914552e+22
871000.0	1.51665325556e+22
879000.0	1.46212752321e+22
887200.0	1.40874105548e+22
895400.0	1.35776259475e+22
903600.0	1.3090756133e+22
912000.0	1.2576621844e+22
920400.0	1.21622708113e+22
929000.0	1.17150602435e+22
937600.0	1.12904726402e+22
946200.0	1.0884911935e+22
955000.0	1.04928401054e+22
963800.0	1.01101906564e+22
972700.0	9.74478636864e+21
981700.0	9.39183819782e+21
990800.0	9.05148411819e+21
1000000.0	8.72202073355e+21
1009000.0	8.41432493723e+21
1019000.0	8.08821140739e+21
1028000.0	7.80773366325e+21
1038000.0	7.51088968165e+21
1047000.0	7.25548059324e+21
1057000.0	6.98417474609e+21
1067000.0	6.72554895026e+21
1076000.0	6.50279917787e+21
1086000.0	6.26605601569e+21
1096000.0	6.04001212339e+21
1107000.0	5.80307896465e+21
1117000.0	5.59756306565e+21
1127000.0	5.40110326021e+21
1138000.0	5.1948556316e+21
1148000.0	5.01584573198e+21
1159000.0	4.82776577246e+21
1169000.0	4.66429059609e+21
1180000.0	4.49240948936e+21
1191000.0	4.32838480549e+21
1202000.0	4.17182332608e+21
1213000.0	4.02209556145e+21
1225000.0	3.86637960005e+21
1236000.0	3.73021349995e+21
1247000.0	3.59999081389e+21
1259000.0	3.46433194544e+21
1271000.0	3.33500029548e+21
1282000.0	3.22169659761e+21
1294000.0	3.10354386643e+21
1306000.0	2.99120542708e+21
1318000.0	2.88299737043e+21
1330000.0	2.78008229355e+21
1343000.0	2.67372821866e+21
1355000.0	2.579996692e+21
1368000.0	2.48307140997e+21
1380000.0	2.3976085248e+21
1393000.0	2.30910143052e+21
1406000.0	2.22463856499e+21
1419000.0	2.14402290888e+21
1432000.0	2.06699226399e+21
1445000.0	1.9934000769e+21
1459000.0	1.91775904928e+21
1472000.0	1.85072203951e+21
1486000.0	1.78176798288e+21
1500000.0	1.71598379896e+21
1514000.0	1.6532139372e+21
1528000.0	1.59328137614e+21
1542000.0	1.53604136147e+21
1556000.0	1.48134818014e+21
1570000.0	1.42907016632e+21
1585000.0	1.37557570684e+21
1600000.0	1.32456932191e+21
1614000.0	1.27920296248e+21
1629000.0	1.23272192077e+21
1644000.0	1.18833703498e+21
1660000.0	1.14317370928e+21
1675000.0	1.1027651782e+21
1690000.0	1.06413122796e+21
1706000.0	1.0247629132e+21
1722000.0	9.87215060156e+20
1738000.0	9.51339831731e+20
1754000.0	9.1710338687e+20
1770000.0	8.84376784496e+20
1786000.0	8.5310457106e+20
1803000.0	8.21376820995e+20
1820000.0	7.91110769718e+20
1837000.0	7.62225339361e+20
1854000.0	7.34647907523e+20
1871000.0	7.08305009671e+20
1888000.0	6.83133383477e+20
1905000.0	6.59069095371e+20
1923000.0	6.34734083564e+20
1941000.0	6.11510949084e+20
1959000.0	5.89339997383e+20
1977000.0	5.68165030676e+20
1995000.0	5.4793359515e+20
2014000.0	5.27539179902e+20
2032000.0	5.09092747361e+20
2051000.0	4.90493249536e+20
2070000.0	4.72723163156e+20
2089000.0	4.55750561692e+20
2109000.0	4.38704407094e+20
2128000.0	4.23249281872e+20
2148000.0	4.07702061984e+20
2168000.0	3.92862186011e+20
2188000.0	3.78691758878e+20
2208000.0	3.65153862665e+20
2228000.0	3.52215485514e+20
2249000.0	3.39240295632e+20
2270000.0	3.26857616652e+20
2291000.0	3.15038332732e+20
2312000.0	3.03740710047e+20
2333000.0	2.92952408785e+20
2355000.0	2.82154890542e+20
2377000.0	2.71849915183e+20
2399000.0	2.6201144807e+20
2421000.0	2.52619605459e+20
2443000.0	2.43639911207e+20
2466000.0	2.34675844976e+20
2489000.0	2.26116418839e+20
2512000.0	2.17948433472e+20
2535000.0	2.10144017243e+20
2559000.0	2.02367653316e+20
2582000.0	1.95254144861e+20
2606000.0	1.88159582299e+20
2630000.0	1.81382182631e+20
2655000.0	1.74644914358e+20
2679000.0	1.68467929734e+20
2704000.0	1.62322319607e+20
2729000.0	1.56454755161e+20
2754000.0	1.50849485805e+20
2780000.0	1.45285246295e+20
2805000.0	1.40173432305e+20
2831000.0	1.35094561447e+20
2858000.0	1.30060127354e+20
2884000.0	1.25432125302e+20
2911000.0	1.20842506597e+20
2938000.0	1.16460391881e+20
2965000.0	1.12274545073e+20
2992000.0	1.08275357657e+20
3020000.0	1.04315108967e+20
3048000.0	1.00534071538e+20
3076000.0	9.69229771463e+19
3105000.0	9.33510183707e+19
3133000.0	9.00580539787e+19
3162000.0	8.67981580007e+19
3192000.0	8.35804757691e+19
3221000.0	8.06109171902e+19
3251000.0	7.76757362668e+19
3281000.0	7.48729826222e+19
3311000.0	7.21957999757e+19
3342000.0	6.95529090592e+19
3373000.0	6.70308138011e+19
3404000.0	6.46214199858e+19
3436000.0	6.22477466391e+19
3467000.0	6.00499508814e+19
3499000.0	5.78826886074e+19
3532000.0	5.57492611768e+19
3565000.0	5.37135876239e+19
3597000.0	5.18268661435e+19
3631000.0	4.99130438918e+19
3664000.0	4.8138012084e+19
3698000.0	4.63919910475e+19
3733000.0	4.46761601781e+19
3767000.0	4.30844391454e+19
3802000.0	4.15193962428e+19
3837000.0	4.00251258649e+19
3873000.0	3.85573164452e+19
3908000.0	3.71943040004e+19
3945000.0	3.58181240389e+19
3981000.0	3.45398161567e+19
4018000.0	3.32847672351e+19
4055000.0	3.20860110211e+19
4093000.0	3.09109096275e+19
4130000.0	2.98177280297e+19
4169000.0	2.87172745259e+19
4207000.0	2.76935541456e+19
4246000.0	2.66899968087e+19
4285000.0	2.57313052021e+19
4325000.0	2.47922654899e+19
4365000.0	2.38957511372e+19
4406000.0	2.30184997931e+19
4446000.0	2.22011552816e+19
4487000.0	2.14005787282e+19
4529000.0	2.0617459799e+19
4571000.0	1.98701503089e+19
4613000.0	1.9156164105e+19
4656000.0	1.84581346325e+19
4699000.0	1.77914499711e+19
4742000.0	1.71548324397e+19
4786000.0	1.65326587022e+19
4831000.0	1.59250993043e+19
4875000.0	1.53576805822e+19
4920000.0	1.48033467411e+19
4966000.0	1.42624514597e+19
5012000.0	1.37458665165e+19
5058000.0	1.32524856183e+19
5105000.0	1.27710899031e+19
5152000.0	1.23112561483e+19
5200000.0	1.18629166758e+19
5248000.0	1.14386559207e+19
5297000.0	1.10174126829e+19
5346000.0	1.06189941258e+19
5395000.0	1.02382863192e+19
5445000.0	9.86733563188e+18
5495000.0	9.51301222765e+18
5546000.0	9.16784501997e+18
5598000.0	8.83187970272e+18
5649000.0	8.51711650474e+18
5702000.0	8.20480125206e+18
5754000.0	7.91214189089e+18
5808000.0	7.62196425046e+18
5861000.0	7.34995626311e+18
5916000.0	7.08037156591e+18
5970000.0	6.82759871837e+18
6026000.0	6.57728838894e+18
6081000.0	6.34250855811e+18
6138000.0	6.11012549082e+18
6194000.0	5.89207083463e+18
6252000.0	5.67642503341e+18
6310000.0	5.47055606531e+18
6368000.0	5.27394398088e+18
6427000.0	5.08288748443e+18
6486000.0	4.90044430964e+18
6546000.0	4.72320127994e+18
6607000.0	4.55112653911e+18
6668000.0	4.38684496872e+18
6730000.0	4.22737984884e+18
6792000.0	4.07509540615e+18
6855000.0	3.9273270591e+18
6918000.0	3.78619501724e+18
6982000.0	3.64923409796e+18
7047000.0	3.51642795015e+18
7112000.0	3.38960642357e+18
7178000.0	3.26664577027e+18
7244000.0	3.14920381842e+18
7311000.0	3.0353166456e+18
7379000.0	2.92493457649e+18
7447000.0	2.81954666948e+18
7516000.0	2.71742300962e+18
7586000.0	2.6184827476e+18
7656000.0	2.52401532781e+18
7727000.0	2.43249218913e+18
7798000.0	2.34509615879e+18
7870000.0	2.26043694821e+18
7943000.0	2.17846684925e+18
8017000.0	2.099125767e+18
8091000.0	2.02337496658e+18
8166000.0	1.95005022999e+18
8241000.0	1.88001427798e+18
8318000.0	1.81134971765e+18
8395000.0	1.7457929726e+18
8472000.0	1.68317326298e+18
8551000.0	1.62182642746e+18
8630000.0	1.56323901705e+18
8710000.0	1.50658734961e+18
8790000.0	1.45247644179e+18
8872000.0	1.39951132553e+18
8954000.0	1.34893410811e+18
9036000.0	1.30063223445e+18
9120000.0	1.25336331531e+18
9204000.0	1.20822206234e+18
9290000.0	1.16409559588e+18
9376000.0	1.12196855355e+18
9462000.0	1.08171998535e+18
9550000.0	1.04239273866e+18
9638000.0	1.00483900045e+18
9727000.0	9.68557413629e+17
9817000.0	9.33520999693e+17
9908000.0	8.99692711606e+17
10000000.0	8.69685385044e+17
10090000.0	8.39071823477e+17
10190000.0	8.06615235731e+17
10280000.0	7.78736996788e+17
10380000.0	7.49158048071e+17
10470000.0	7.23728702593e+17
10570000.0	6.96727925423e+17
10670000.0	6.70973341104e+17
10760000.0	6.48806468252e+17
10860000.0	6.25236280346e+17
10960000.0	6.02728633671e+17
11070000.0	5.79124573134e+17
11170000.0	5.58662817481e+17
11270000.0	5.39096508863e+17
11380000.0	5.18554120857e+17
11480000.0	5.00721309748e+17
11590000.0	4.81981052056e+17
11690000.0	4.65699261358e+17
11800000.0	4.48576078694e+17
11910000.0	4.32231221338e+17
12020000.0	4.16625920608e+17
12130000.0	4.01717667593e+17
12250000.0	3.86205182201e+17
12360000.0	3.72639768734e+17
12470000.0	3.59663863667e+17
12590000.0	3.46147643391e+17
12710000.0	3.33259368363e+17
12820000.0	3.21967154419e+17
12940000.0	3.10189488478e+17
13060000.0	2.98944575558e+17
13180000.0	2.88205430678e+17
13300000.0	2.77943445651e+17
13430000.0	2.67337850932e+17
13550000.0	2.57992332778e+17
13680000.0	2.48324662564e+17
13800000.0	2.39799097619e+17
13930000.0	2.30971333589e+17
14060000.0	2.22547374328e+17
14190000.0	2.14502982097e+17
14320000.0	2.06819986503e+17
14450000.0	1.99477149912e+17
14590000.0	1.91929709033e+17
14720000.0	1.85239282596e+17
14860000.0	1.78357174449e+17
15000000.0	1.71789821528e+17
15140000.0	1.65523579024e+17
15280000.0	1.59540236372e+17
15420000.0	1.53824385518e+17
15560000.0	1.4836267017e+17
15700000.0	1.4314113143e+17
15850000.0	1.3779858027e+17
16000000.0	1.32703989008e+17
16140000.0	1.28159369085e+17
16290000.0	1.23503308226e+17
16440000.0	1.19057035032e+17
16600000.0	1.14532855819e+17
16750000.0	1.10484912893e+17
16900000.0	1.06614745073e+17
17060000.0	1.02670978375e+17
17220000.0	9.8907813092e+16
17380000.0	9.53157220884e+16
17540000.0	9.18851438858e+16
17700000.0	8.8607514383e+16
17860000.0	8.54747537668e+16
18030000.0	8.22962588157e+16
18200000.0	7.92643050264e+16
18370000.0	7.63705925184e+16
18540000.0	7.36079114721e+16
18710000.0	7.09689041488e+16
18880000.0	6.84471840211e+16
19050000.0	6.60363881762e+16
19230000.0	6.3598457486e+16
19410000.0	6.12719229935e+16
19590000.0	5.90507883007e+16
19770000.0	5.69294344914e+16
19950000.0	5.49025223523e+16
20140000.0	5.28597859013e+16
20320000.0	5.10115510781e+16
20510000.0	4.91474219823e+16
20700000.0	4.73676663426e+16
20890000.0	4.56677292833e+16
21090000.0	4.3959915693e+16
21280000.0	4.2410823946e+16
21480000.0	4.08532118465e+16
21680000.0	3.93664300203e+16
21880000.0	3.79467154282e+16
22080000.0	3.65903998981e+16
22280000.0	3.5294123022e+16
22490000.0	3.39942670082e+16
22700000.0	3.27536849687e+16
22910000.0	3.15691962634e+16
23120000.0	3.04377031946e+16
23330000.0	2.93565046545e+16
23550000.0	2.82748294454e+16
23770000.0	2.72424510534e+16
23990000.0	2.62568143476e+16
24210000.0	2.53153385959e+16
24430000.0	2.4415734628e+16
24660000.0	2.3517463776e+16
24890000.0	2.26602434943e+16
25120000.0	2.18416078133e+16
25350000.0	2.10596757452e+16
25590000.0	2.02806566938e+16
25820000.0	1.95676158112e+16
26060000.0	1.88567004254e+16
26300000.0	1.81777650178e+16
26550000.0	1.75026885232e+16
26790000.0	1.6883878524e+16
27040000.0	1.62680764318e+16
27290000.0	1.5680128015e+16
27540000.0	1.5118455157e+16
27800000.0	1.45607801849e+16
28050000.0	1.40485475842e+16
28310000.0	1.35395163868e+16
28580000.0	1.30350917949e+16
28840000.0	1.25713721174e+16
29110000.0	1.21113903657e+16
29380000.0	1.16723104197e+16
29650000.0	1.1252905215e+16
29920000.0	1.08521893446e+16
30200000.0	1.04552916207e+16
30480000.0	1.00763613769e+16
30760000.0	9.71445366602e+15
31050000.0	9.35657591094e+15
31330000.0	9.0265499278e+15
31620000.0	8.69992937458e+15
31920000.0	8.37746015033e+15
32210000.0	8.07979889976e+15
32510000.0	7.78565093517e+15
32810000.0	7.5047743249e+15
33110000.0	7.23648169339e+15
33420000.0	6.97168396071e+15
33730000.0	6.71888734674e+15
34040000.0	6.47748514138e+15
34360000.0	6.23951482502e+15
34670000.0	6.01931293674e+15
34990000.0	5.80212659245e+15
35320000.0	5.58829426424e+15
35650000.0	5.38425873763e+15
35970000.0	5.19518245263e+15
36310000.0	5.00332900825e+15
36640000.0	4.82548743994e+15
36980000.0	4.65045168609e+15
37330000.0	4.47848354253e+15
37670000.0	4.31897700637e+15
38020000.0	4.16211874024e+15
38370000.0	4.01232955246e+15
38730000.0	3.86521434119e+15
39080000.0	3.72860251265e+15
39450000.0	3.59067817132e+15
39810000.0	3.46253621097e+15
40180000.0	3.33675234348e+15
40550000.0	3.2166087421e+15
40930000.0	3.09881704668e+15
41300000.0	2.98925383888e+15
41690000.0	2.87896641859e+15
42070000.0	2.77634735458e+15
42460000.0	2.67573545541e+15
42850000.0	2.57965378702e+15
43250000.0	2.48552875031e+15
43650000.0	2.39566522476e+15
44060000.0	2.30772033676e+15
44460000.0	2.22579191088e+15
44870000.0	2.14555600784e+15
45290000.0	2.06706057726e+15
45710000.0	1.99213601588e+15
46130000.0	1.92056936609e+15
46560000.0	1.85059370397e+15
46990000.0	1.78378037096e+15
47420000.0	1.71996029477e+15
47860000.0	1.65757830224e+15
48310000.0	1.59667580694e+15
48750000.0	1.53980209133e+15
49200000.0	1.48423244053e+15
49660000.0	1.43000337008e+15
50120000.0	1.37822017645e+15
50580000.0	1.32876060025e+15
51050000.0	1.28050435774e+15
51520000.0	1.2344091471e+15
52000000.0	1.18946066484e+15
52480000.0	1.14653545796e+15
52970000.0	1.10470031264e+15
53460000.0	1.06475152362e+15
53950000.0	1.02658906087e+15
54450000.0	9.8940013429e+14
54950000.0	9.53878253188e+14
55460000.0	9.19269978382e+14
55980000.0	8.85589515483e+14
56490000.0	8.54037745567e+14
57020000.0	8.22724627238e+14
57540000.0	7.93385435303e+14
58080000.0	7.64287789589e+14
58610000.0	7.37015318903e+14
59160000.0	7.09987009442e+14
59700000.0	6.84646592843e+14
60260000.0	6.59548115057e+14
60810000.0	6.36009191865e+14
61380000.0	6.12711111891e+14
61940000.0	5.90851460291e+14
62520000.0	5.6922918352e+14
63100000.0	5.48587072754e+14
63680000.0	5.28872907864e+14
64270000.0	5.09718438656e+14
64860000.0	4.91423078744e+14
65460000.0	4.73651748451e+14
66070000.0	4.56400605852e+14
66680000.0	4.39927072011e+14
67300000.0	4.23938518277e+14
67920000.0	4.0866979026e+14
68550000.0	3.93852526347e+14
69180000.0	3.79700555679e+14
69820000.0	3.65968414638e+14
70470000.0	3.52651909668e+14
71120000.0	3.39935226229e+14
71780000.0	3.2760432512e+14
72440000.0	3.15827324005e+14
73110000.0	3.04408028805e+14
73790000.0	2.93341287009e+14
74470000.0	2.82773108155e+14
75160000.0	2.72531378061e+14
75860000.0	2.62610073168e+14
76560000.0	2.53137184257e+14
77270000.0	2.43960512365e+14
77980000.0	2.35196016975e+14
78700000.0	2.26706766677e+14
79430000.0	2.18486572316e+14
80170000.0	2.10530830578e+14
80910000.0	2.02933732332e+14
81660000.0	1.95580684296e+14
82410000.0	1.88557358829e+14
83180000.0	1.81671710667e+14
83950000.0	1.75097814022e+14
84720000.0	1.68818321123e+14
85510000.0	1.62665566687e+14
86300000.0	1.56790578281e+14
87100000.0	1.51109238022e+14
87900000.0	1.45682626977e+14
88720000.0	1.40371185873e+14
89540000.0	1.35299217008e+14
90360000.0	1.30454408908e+14
91200000.0	1.25714108452e+14
92040000.0	1.21187386461e+14
92900000.0	1.16761662539e+14
93760000.0	1.12536475978e+14
94620000.0	1.085003115e+14
95500000.0	1.04556083153e+14
96380000.0	1.00789645119e+14
97270000.0	9.71511012304e+13
98170000.0	9.36371902768e+13
99080000.0	9.02442654236e+13
100000000.0	8.69686761481e+13
